201218000206025
201218016029003
201428018743021
201118010315062
201428015029062
201218014628001
201428001027049
201118000807053
201118003208145
201418013229082
201218000907007
2014E8013661117
201218004133004
201428008801009
201428013626093
201218013524024
201428013626101
201118013229100
201418013626083
201418008743065
201118011315026
2014E8013661109
201428016443014
201418001027053
201118013229032
201428013626080
201218012115029
201018012115061
201218013229054
201428013626065
201218013607013
201428008743243
201218003208036
201428012215004
201418008743039
201118013229011
201428013607004
201428017227008
201118006010051
201218010315027
201118013229007
201218016715026
201418014422097
201218014628056
201418008233013
201428013626061
201218014628018
201218013229025
201118017110003
201218000807055
201428013229045
2014E8008361019
201428015059077
201118015029038
201118007513032
2014E8013261185
201428008744024
201418008743028
201418009327003
201428013622040
201428012250022
2014E8008361020
201428016443006
201428001707019
201428013607007
201218000807063
201428013626102
201218013229026
201218001007017
201418013229043
201428002829024
2014E8010761061
201428012215003
201218007513008
201428008846041
201328005710006
201118015029052
201118015029035
201218010315025
201118007514087
201418008006005
201218014628020
201218013727068
201428001707020
201428013626074
201118011315032
201428008743242
201118007514044
2014E8013661119
201118015029043
201428012251017
201218016715013
201218004237032
201118007514079
201218013726038
2014E8013661105
201428013229135
201118012115060
201428013626072
201328004522051
201428013626085
2014E8013261165
201218000807022
201428012215011
201418013229078
201218014628039
201428013626124
201118003208115
201328010315006
201428012250025
201218001207002
201418008743040
201428008805023
201428005710003
201328013826090
201428005710002
201428013626048
201428013626073
201428001707001
201428001034052
201328000243110
201428013607005
201218013626076
201428016444020
201428013229033
201218000807056
201428013626056
201428013626053
201218007313015
2014E8013261164
201218003208031
201218013726044
201428001736041
201428008743241
201218012503021
201418008743064
201428005710005
201218002509018
201428010740064
201428008805024
201428002829026
201428016443012
201428013626066
201218011315006
201218013726031
201118007514086
201428013626081
201218002509033
201418008743053
201418013229012
201428002718006
201428013626097
201418010715017
201428013626062
200918012115055
2014E8008361023
201318006514041
201118011315013
201428013626059
201218000206021
201418013229069
201418016443003
201418013626068
201218007514069
201418008743010
201218014825010
201218003022041
201428005713008
201418001027029
201428008849015
201428013626103
201218004122011
201428015029047
201428012215009
