201428015029043
201328013626061
2011E8013961162
201118004022025
201228010240066
201428012342025
201418012342033
201118016807023
201418007010012
201118014326025
201218010715002
201318000531013
2014E8015061085
201218005314001
201118016836040
201218004133004
201328011215069
201428008743013
2014E8015061090
201428012342150
201218017933014
201428013229072
2012E8014422098
201428017110012
2011E8014261073
201418014422030
201318003708018
201118003808040
201218002008030
201228006812021
2012E8001461075
201218006015095
201428009327007
201118010015072
201428002808001
201128013919060
201318004022038
201428008006006
201428010015078
201228014220022
201218003708003
201428014422011
201428013229061
201218014022011
201218010515044
201218017307016
201218014207011
201428013229122
201428010015060
201228003308009
2014E8002861039
201428017110014
2012E8014061088
201118014422041
201118010015201
201418014422097
2013E8010461044
201418013229043
201228017922006
201428012342023
201218003808039
201418015029016
2014E8014422100
201428012342077
201428013229111
201228012250026
201218002209016
201418018037005
201218002007026
201418013229022
201218006937040
201418014422059
2014E8002861035
201418016443019
201228012815006
201428013229060
201418013229099
2014E8001061075
201428014422050
2011E8004061069
201128003837108
201418003208024
2014E8001061068
201428005732016
2014E8008261032
201228014207003
201428013229121
2014E8013261150
201428008801008
201218002209012
201418010715001
201418012342016
201418014422032
201218014207006
201428013229129
201128014924007
201428015029014
201118010015106
201128016807043
201418008743067
2011E8001761051
201418014326043
201418017110012
201218010015214
201418008222011
201428013229084
201228015329012
201428001027034
201118003808036
201318005811043
201418005713007
201428008849013
201418009327003
201428013229026
201428008313008
201418014422095
201228007027035
201218004237032
201228010642049
201418008313013
201428013229109
201428015029015
201318003708055
201218014326005
201428010015249
201228012815001
201228010515050
201328002008041
201218002509015
201418013229096
201418014326023
201118011037019
201318012715003
201218017915007
201418009443012
201218003808040
201418008311001
201428001027050
201428008208018
2014E8010761053
201218003833130
201428014324045
201428012342036
201428013229106
201428015029008
201418010715018
2012E8011961080
201428014326054
201118002007027
201118010210001
201228002627004
2014E8008261029
201218004508020
201428013229010
2014E8013261162
201428005732020
201428014327075
201218010015159
201118010215026
201328012415019
201118015120018
2014E8010761058
201128013329020
2012E8014661083
2012E8000961090
201428002209024
201428015029035
201428002826019
201218010515015
201418014326029
201118000807053
201418014422047
201118016815106
201418013229028
201318011915052
2014E8008261026
201418002808013
201428008332018
201228014228058
2012E8003061077
201418010751030
201418008743066
201418013229072
201418014422098
201428014327068
201428014422082
201428014422080
201218014326039
201418017110001
2014E8009261011
201428002808006
201128016807029
201418013827065
201428013229080
201428014332086
201218012815003
201418014422102
201418014422060
201218011042039
201428001027033
201428013229033
201328003208090
201228007410007
201418001007023
2012E8004661024
201428013229051
201418015029011
201428013229067
201428008006002
201428008743234
2012E8000861113
2014E8001061055
201118014020055
201118011042034
201128010840017
201428017110005
201418012215007
201428002209011
201228000243083
201218001408028
2012E8013261166
201428008743231
201418014422041
201128016815100
201118014207010
201318010515027
201418009222003
201428015059074
201118010415026
201428002842013
201418009327006
201118006912020
201428016444023
201118012115060
2012E8014261078
2014E8001061054
201318003222188
201118013907005
201428001027027
201418005732014
201418013229032
201228013229113
201428001027044
200918010015069
201428013229119
2014D8013261102
201118002409006
201428014327069
201418001027027
201428008515014
201418010751029
201418005713008
201118001707006
201218005417009
201428013229138
2014E8002861028
201128012415006
201418013826021
201428008208003
201218015120005
201318011215071
201418009329008
2014E8013261177
201228012250029
201318015121034
201318003908017
2012E8002461021
2011E8013961175
201228003208047
201418010015063
201218014719020
201218016537006
201428017307079
201428008744021
201218013329005
201228001436054
201228011315010
201428008744024
201118007610015
201118016807055
201418016443015
201418008314019
201418014422022
201418003508020
201428010015231
201428010715005
201118012115079
201418014422078
201418015029012
2014E8001061077
201228013726007
201118010015205
201218006310014
201218018215004
2012E8018061021
201418010715009
201228006812052
201018010015113
2012E8018528001
201418008208002
201428013229059
201318016815024
201418013229080
2014E8013261148
2014E8002261027
2011E8015161058
201418012342012
201018010015208
201418002829042
2012E8004061102
201428008817031
201418005713006
2014E8015061089
201428002209008
201218004122011
201428012342096
201218000807086
201418013229008
201428010751032
201118010215033
2014E8013261181
201428013229036
201428013229001
201428016443008
201428015029016
201018010015037
201418002808023
201428008846042
201428013229075
201128012215006
201218003833097
201118011315026
201218014628087
201118016815102
201428014422020
201428013229087
201228017114023
201428001007002
201128011915049
201418001027049
201318004237005
201428013229058
201218014326028
201418014326040
201118013229011
2012E8014961035
201428010015194
201318014628082
201218002917008
201428008006005
201128010715027
201418008311006
201328007027032
201428013229064
201118006812041
201428014422012
201428015029046
201428002209013
201318003908002
201418001027028
201418014422094
201228016715009
201328006514037
201428014422008
201228012715037
2014E8008361022
201428009208005
201418014422066
201428013229116
201418015029018
201428015029058
201418017114021
201218003708032
201228003833104
201318005811020
201418017110015
201418015029028
201418016443003
201118003208115
201418002209005
201228000718050
201428014422075
201428008208002
201228004237017
2012E8000761070
201428008846038
2012E8018261007
201428014422002
201228012415023
201418012342072
201128012638023
201418014422029
201428008743235
201218018137008
201418017110016
2014E8013261156
201428014307001
201418014422062
201428015029033
201418005732011
201418014326046
201218006338028
201418014422055
201418013229017
201418010015004
2012E8011063043
201428013229049
201218016443017
201428014422051
201128006912037
201318010015260
201218014007014
201128013919082
201318015926013
201428012342046
201428013229016
201228013826004
201128016825145
201418009443014
201428008904001
201228013524004
201228014422044
201428001007011
201418010715041
201218003608014
201218014220024
201218015837002
201418008743046
201418000807022
201218010015087
201328013726007
2014E8001061069
2014E8009261009
201428002808003
201428013229040
201428013229048
201218006010059
201418015029006
201118012342025
201428012342047
201428010751068
201418010015122
201418001007011
201428012342074
201228007410003
201428008743230
201418008801001
201418010715006
201218014422035
2014E8015061079
201428010015160
201318003508071
201418010015246
201218007631064
201428014422069
201428017307081
201418005713010
201418012215004
201318003833124
201428008006013
201428014326057
201418002808018
201428002808005
201418001027043
201018003908039
201218012342039
200918010015014
201118013229088
2014E8001061059
201128001728032
201118016215004
201218006812069
201428015059070
201328011915023
201418012251016
201118011042030
201128000531018
201428017110015
201418012342061
201228003708082
201428002822015
2011E8016861191
201328003508092
201218010515022
201018012815005
2014E8008561025
201428016443011
201318006812031
201418015029019
201228017542026
201418014422068
201018010015090
201418015059035
201228006812049
2014E8014422088
201428014327071
201228015814001
201218003808047
201318007010019
201218016822120
201218010642015
201428008515011
201418010015243
201428009207002
201418010015107
201428017110003
201418007534096
2014E8010761061
201318006310004
201428008753008
201418012342021
201118012215013
201118003808007
201418014422103
201218011215018
201118001408030
201428012342040
201218013727068
201428001027030
201418008801004
201218000206021
201418014422058
201018010615021
201428014422049
201128005314008
201228013229034
201428001027017
201418016609002
201318005811004
201318010315012
201428001027038
201428015029065
201228011915059
201428015029005
201218004237028
201218011915062
201018012115061
201228010840025
201418010715019
201018001436044
201218016514010
201428008006001
201118004022024
201218010215032
201418008817013
201418012342015
201018014207020
201118010015174
201318003208021
201318010415020
201118006514005
201318001007013
201418010751040
201218017808021
201428010715006
201118003808068
201228015107002
201018010015061
201418014422100
201228016609004
2011E8006361035
201318013826001
201418009327001
201318012503022
201228004133036
201418008743023
201428010715004
201428010715017
201428015059069
201128003808021
201218013229054
201428005710005
201218006237022
201218012715020
201428014422046
2014E8009361014
201118006237027
201428001027039
201428009222006
201428008846039
201118002309010
201428010715020
201318005811031
201418001027036
201128002209018
201428010015334
201428012342139
201218014326051
201428014422078
2014E8015061083
201128004022046
201218014020031
201418010751026
201428014326052
2014E8009261014
201418008311007
201428013229042
201428014422007
201428013229085
201018010015210
201418014422038
201428012250022
201228000718018
201428013229065
201428017110010
201318006812077
201118001407006
201318003908010
2012E8010761055
201418009443015
201428012342142
201218010015086
2012E8004261069
2014E8008261028
2012E8003061070
201418001027053
201218003208052
201218016537061
201418010715004
201428008744026
201318003222192
201218007329037
201228016514010
201428014422018
201418010715007
201128014422051
201428013229090
201218013726038
201228010415020
2014E8010761057
201428015029021
201218017542023
201428002826021
201318015029035
201428005710001
201418014326058
201218007615046
201118003808074
201328017422015
201418001007012
201018014422042
201428013229131
201218010015112
201118012715022
201428015029054
201418008314016
2012E8013361044
201418012342056
201418013229055
2014E8001061067
201418011915067
201128014227057
201428014332089
2014E8013261143
201318003833103
2012E8000961089
201328010615020
2012E8014861044
201428014422023
201318004522048
2012E8000961081
2014E8010761060
201428014422017
2012E8014061072
201118012342064
201218007610020
201428014422006
201418002808005
201418008006002
201118016514021
201428002829025
201218003908012
201128012815005
201218010815003
201428001007005
201118016836136
2014E8001061058
201418014422073
201418002008033
201418010751031
201118013919070
201218007513008
201128010015054
201428015029049
201418012342011
201328018629006
201218012115029
201428014422009
201228011915039
201218016836139
201428001027026
2012E8011961081
201428008233021
201428013229073
201318007010017
201418014422075
201428008743240
201428015029048
2012E8011361053
201428013229103
201318007513033
201428013229028
2012E8006961046
201128012715025
201418013229057
2012E8004661022
2012E8007361071
201228003508064
201428014422041
201118010015169
201118013229032
2014E8012361157
201318014628024
201218003208020
201428002209014
201428010715013
201428010751041
201228018012016
201428008006015
201428012342028
201418008515008
201428013229017
201428013229055
201218001408023
2014E8002261029
201418017114020
201128015127043
201118013907023
201218011037014
201218012638025
201418012342028
201428012342091
201418012342010
201418013229018
201428010715018
201418015029004
201418001007024
201428008743020
201428010715026
201428010740062
201418012342031
2011E8004061073
201418013229058
201118003808014
201218013726031
201428017114025
201218006015107
201418008006007
201228006310009
201118013907028
201418015059036
201118001736024
201218016443013
201428013229093
201018015029032
201428005710006
201118012637012
201428008313002
201218004133060
201218014020055
2011E8006961047
201418008006004
201228003808038
201218014220022
201218003208031
201228017308024
201428001007006
201218006812019
2014E8002861033
201428009327002
201428010751040
201428013229002
201118012738045
201128007610031
201118015837003
201428012342057
200918014728008
201428008904005
201328003808046
201428013229101
2014E8010761047
201118010642013
201218011915040
2014E8012363158
201428008208008
201428014326030
201418012342059
201428015029060
201428013229141
2011E8004661021
201228017826019
201428008743243
201228003022036
201218007610032
201228014825007
201118006110011
201418017110009
201228015926018
201318006514041
2014E8001061083
201018014719023
2012E8016561076
201328001408029
201018016537047
201418012215009
2014E8002861038
201218016807081
201128010015183
201218006912017
2014E8008561023
201418015029007
201428013229025
201418002808012
201418014326045
201428012250028
201418013229034
201428002829027
201428002826017
201418017114023
201118006514035
201218007514069
200818010015046
201118006010070
201128014422025
201428012342090
201228006269019
201218003208074
2014E8008361027
201428013229015
201118004508027
201418010751038
201428013229127
201418012342076
201218012715024
201428016444019
201428012342053
201218012503025
201428014422001
201228014924009
201418012342068
201418014422064
201118013907007
201218013229084
201418012342055
201228003808021
201418014422037
201318016807002
201418010315005
201418014422070
201218000531013
201318005811032
201218002008037
201218001027051
201428008753001
201218003608017
201118015029038
201418008743053
201428008904004
201218017615002
201428015029013
2014E8008361028
201418012342013
201428010715022
201118012637018
2011E8010461041
201318010415003
201418008743010
201218000907028
201428005713008
201228014422008
201428015029045
201418012342005
201428012250026
2014E8014422096
201418002808006
201118010615011
201428012215005
201418002822032
201018004133017
201418008743021
201118014924009
201418013229061
201428008208010
201418014422072
201318007410006
201418014422019
201218002822012
201428015029032
201128010715008
2014E8008261025
201118014924013
201228011015001
200918011315029
2012E8014861051
201428014422019
201418013229014
201318004022005
201218011915036
201018010015222
2012E8013661105
201118015121025
201128016215018
201418014326027
201418014326052
201118003808020
201428014422021
201218000807091
201428017110017
201018004237086
201318004522037
2014E8008561026
201218010642013
2012E8016561066
201128010415022
201228012115009
201118003808018
2012E8001461088
201228011215030
201318013826039
201418015029013
2011E8014761057
201318003908022
201418013229081
201228016822101
201118002007029
201118002309007
201218004333039
201218014422088
201118014022064
201418013229035
201128012215001
2014E8013261159
201418014422084
2012E8014061100
201428015029003
201218016537080
201228002421009
201418001027048
201228007514057
2014E8008561021
2011E8003761102
201218001736032
200918012115055
2014E8010761044
201428014422032
201228017227009
201128010015108
201428015029024
201218007410001
201418012215003
2014E8008261023
201118016514017
201418003208017
201428001027021
201418012342050
201428012342042
201418013229015
201218003508004
201018010210023
201118010015236
201228016807021
201418014326051
201428008817035
201128010015037
201118010210023
201418013229078
201428014326008
201118012638028
201428017110011
201228015547006
201428017114024
201218006110015
201428008515007
201428002209009
201018010015122
201128002822014
201418010715016
201118013827062
2012E8005561013
2014E8013261173
201118015127036
201118014422055
201218012115017
201428002209025
201428009207003
2014E8014422097
201428001007014
201418014422105
201118005514006
201218000531019
2011E8013361042
2014E8012363160
201418005710003
201228007329053
2014D8013261104
201418012342018
201418002209010
201428014422030
201218014628020
201228003508087
201018010015006
201228014422080
201418001027058
201118003708058
201418012215012
201118014422087
201218014422055
2014E8014422101
2012E8001061079
201118012115041
201218016822023
201428013229047
201418014326037
201228003708029
201128012815023
201428014326017
201428008208011
201118016836132
201228012503017
201418012342044
201428014422027
2011E8014261065
201118014719020
201128002209020
200918010315051
201018014422032
201118012415015
201418014326039
201118002209012
201228003508004
201428012342116
201118012938017
201218016715026
201118012342024
201418002822030
201118003708061
201218003208036
201318003208008
201428010715010
2012E8004161042
201218014020052
201418001027026
201428008551019
201428008743232
201118000531004
201118003808029
201428013229053
2014E8001061066
201428002826020
201428012251015
201228006010053
201218003708049
201428015029006
201128002007034
2014E8002861042
201428013229096
201218006110014
201428015029029
201418014326053
201418012342039
201428001027040
201418005713009
201218003708070
201418010015161
201228012715003
201418008743040
2013E8013861175
201418014326032
201418014422101
2011E8015161057
201228006015063
201318012342068
201118007514087
201428012342135
201218004508022
201218014422038
201418014326055
201218016537055
201218002007013
201128014422042
201218007610019
201228001809005
201328001207019
2014E8013261179
201118003608018
201428015029062
201218002209017
201218017422022
201418008311004
201218013726044
201428014326056
201128014327061
201128014020027
201218012342019
201418017110002
201318013827063
201428012342079
200918014728037
201118010715016
201428014326029
201218012415010
201428008743014
201228006941056
201228015029035
201118016514030
201418017110014
2014E8001061063
201428012250023
201228016239022
201318003508066
201428010715028
201428014320032
201318003833007
201418001027067
2011E8014061087
201428012215002
201418008208010
201418009327005
201428013229032
201418012342074
201418013229075
201428014326051
201418012342026
201318013826003
2014E8013261149
201428010715001
201218003908027
201228016836168
201218010015137
201418010715002
201218014628039
201118006137020
201418010715039
201428008753009
201428008743011
201418010715022
201128010015226
201218004608003
2014E8001061056
2014E8014422099
201428008743242
201428012250020
201218006331022
201228014422023
201428010751034
201428016444017
201318007313002
201418013229024
201118006912016
201218016807043
201218003708100
201218012938013
201418015029017
201218016215008
201428009207001
201428012251014
201328007513023
2014E8001061084
201428012342073
201418013524010
201418012342070
201218003908006
201318014022068
201428014320038
201118006912021
201228006010044
201318010415001
201418013229070
201428013229022
201428008743238
2014E8013261185
201418014422031
201118004022040
201118016514029
2014E8013261187
201228014628004
201218002509018
201118010210017
201218005732015
201218011937070
201228014220019
201318017307001
201428013229078
201218012715014
201418001027063
201418005710002
201118003608006
2014E8009261012
201228010515010
201218002008039
201428009327006
201418017110003
201018010015230
201428015029050
201328006537044
201118003808069
201118004237070
201428015029001
201418010715013
2011E8006161024
2012E8000861114
201428015029061
201218012342043
201318004133007
201318013524008
201418016443010
201318002209015
201418014422086
2014E8008361019
201428009208004
201418013229097
201218013626076
201428015029038
201428015029030
201228015869015
201428014422043
200918010515060
201428012342017
201428010751031
201118007514050
201228006812047
2012E8000561023
201428013229104
201118016807021
201118015329009
201318011915004
201428001027051
201118010015135
201428013229117
201418012342047
200918010015128
201428013229123
2014E8014422103
201428008743019
201228003908024
201228003708015
2014E8008261030
201218001715022
201318004133004
201418008313012
201428012215006
201428014327072
201428014326049
2011E8002861036
201118010015080
201018014422057
201318001809002
201218010015029
2011E8013361039
201128016821102
201218003808019
2014E8002861030
2011E8010061241
201218012715009
201118016537075
201218015926029
2012E8010461046
201428008515008
201418003508036
201428014326048
201128003508075
2012E8014422101
201428015029011
201428012342051
201428017110009
201418012342075
201428013229009
2011E8016861200
201428013229128
201228003608019
201428001027028
201218017728012
201018010015042
2014E8010761056
201418013229059
201418010715008
201428010715007
2014E8012363163
201218001027041
201228003733099
201418016443016
201418010715023
201428014324040
201418014326038
201428013229050
201218010642040
201418015059038
201328003208019
201328003208060
201428002808008
2014E8013261180
201428014422063
201418001007014
201228013329023
201418008817011
201218003808076
201428017110002
201118016514018
201218000531035
201218014326004
201328014422016
201418014422021
201218016537059
201218014422058
201428001007003
201218000907031
201428001027035
201428002822016
2012E8013861098
201418010015242
201218013727047
201228018629017
201418001027029
201418012342037
201128005514011
201128006110008
201418013229026
201418014326056
201428012342021
201228010015223
201418001027033
201428015059068
2011E8004061080
201118015120023
201118016807063
201418013229023
201318011215058
201418014326024
201318003633027
201418013229052
201418015029031
201218015547012
201128014220030
201218014628074
201128002309001
201128016807045
201428016443015
2012E8017861028
201228000718020
201418015029029
201318011215059
2014E8001061071
201428013229063
201418001027038
201128016609005
201218004237108
201418008313014
201018015329008
201118010015118
201228016836172
201428002829024
201418016443009
201118006514009
201418001007020
201128003708061
201118016807085
201228004137039
201418017114018
201418002808024
201428002826018
201428008311001
2014E8012363164
201118016807087
201428012342034
201118014422044
201428017110006
201428010740066
2014E8010761045
201228016715012
201428012250027
2012E8013561047
201428013229132
201428008006011
201428012342059
201428008904007
201118004022023
201428002808012
2014E8013261172
201418002209019
2014E8008361026
201418014422053
201418013229067
201418001027041
201428001027032
201418015029032
201218012638030
201318012637008
201228013229068
201418008515005
201128014326017
201218006912013
201118013229012
2014E8013261165
201428014332088
201328012342206
201428012251013
201018011315024
201418001027039
201418013229064
2014E8008361021
201418016443012
201218012215015
201428017110001
201118001707004
201218006912033
201218010215034
201218012938014
201418013229036
201218003833110
201218010210016
201428001007007
201218012503021
201428005732013
201428012342080
201218014629099
201418013229095
201428015059077
201128016807068
201118003708057
201418001027032
201428010715024
201228000807088
201218010015006
201428008849015
2014E8009261013
201428012250021
201328004522051
201428008801009
201428002808002
201128010715026
201418008313009
201118007610024
201428012342152
201418013229010
2014E8014422092
201418015029015
2014E8013261151
201228000206056
201428014422070
201118012415021
201318004022055
201318010015227
201418014422027
201428002209005
201318011215060
201418012342049
201428001007012
201418010751037
201118013626096
201218012715010
201428015059072
201418013229056
201428015029036
201018003708044
201418006812020
201428012342041
201218010015210
2011E8013861098
2012E8003961042
201428008817036
201428013229037
201128010015126
201118012738038
201418010751028
201428008753005
201128010515017
201128013920122
201428014422065
201218013920105
201428012250029
201418014422092
201218000531022
201428015029037
201218012342068
201428015029042
201228004322020
201428015029057
201418002209016
201428013229081
201318010415008
201128006812056
2014E8002861040
201428014326015
2014E8014422091
201128016822134
201218013626059
201118017110003
201218014326034
201228011015002
201418001027061
201428008801006
201428010715014
2012E8006361025
201428013229094
201128003508044
201228013229146
201118007615059
201328014628020
201428010715027
201428014422062
201428010015020
201218003708091
201418009208002
2014E8001061061
2014E8013261168
201428016443013
201418015029005
201428015029004
201118001736025
2014E8015061080
201118012915004
201418012342024
201428013229041
201428002209017
201218003708056
201428014326059
2011E8010261068
201218006010077
201118006210005
201428015029052
201418014326047
201318003708009
201428002209012
2012E8017561016
201128003508032
201418001007015
201228016309001
201228003508008
201328003508024
201418013229090
201428013229056
201318013607016
201428001027029
201428008846047
201428014422074
201018003833118
201428012342044
201418014422052
201118003708046
201228016807051
201428014422026
201418008743065
2013E8014422082
201128013827069
201018010015169
201428016444021
201418008743064
201428014327073
201218012715017
201118015329008
201218004022051
2014E8014422104
201118013827048
201218014628046
201428014422042
201218016807045
201428012215003
201428014422010
201418012342038
2014E8013261175
201418012342067
201428012342140
201428014320037
201118012415003
2011E8014422087
201118014007022
201228016822118
201428016443004
201318017229010
201428013229008
201218014628001
201428008208004
201428015029053
201428001007013
2014E8002861037
201228016514020
201318000807056
201318004022043
201118003833095
201218006812050
201418017110011
201218013827048
201318001436049
201328011915016
201428008313006
201228016807004
201418004122006
201318002808002
201228000718040
201118015029043
201018014422058
201428014326016
201118005713005
201418015029026
201118000518001
201428008805023
201118012637009
201118016807068
2012E8004561063
201418008313010
201418012342002
201218016807050
201428016452002
201428010751043
201428015029026
201418014326031
201318014719014
201418012342065
201418001027065
201418016443001
201418015926001
201218006812043
201428013229068
201428008801005
201228003708075
201428012342088
201218014628056
201118014825032
201018010015141
201218011315006
201018010515076
200918014728033
201418008314021
201428010015242
2012E8003261107
201428008515009
2012E8001761051
2011E8000561034
201428001034053
201218003908037
201218006010049
201428008846045
201418008743026
201428015029022
201118016537053
201328003708037
201428001007009
201328010015039
2011E8013961187
201418014422071
201218011215035
201428013229086
201418013229045
201428014422060
201128012610002
201428001034052
201228002007010
201218007410007
201428013229105
2014E8008361020
201418014422063
201118013826031
201228003508065
201228013229001
201318000936073
2011E8012661044
201128010615008
201428008006004
200918010015159
201418012342032
201218006010087
201118012215010
201428015029039
201218001408016
201328016514017
201228010642051
201218003024065
201118006537040
201318004208003
2012E8013661098
201428013229107
2014E8001061078
2014E8008561024
201218016514049
201318003022010
200918012115058
201228006110002
201218014007022
201418013229029
201018001436029
201418015029024
2014E8001061080
201318006812046
201418013229049
201428008314016
201428005732014
201128001408031
201318001407004
2012E8016861187
201228010315022
201428014422022
201128006210007
201418002209017
201418014422104
201218010015084
201418001007017
201428012342151
201428013229005
2014E8001061057
201418002829037
201428012250024
201128011042041
2014E8009361011
201218015615002
201218007610018
201428008744025
201428016443006
201318011203003
201418002829040
201218007610016
201418002209008
201418013229085
201418014422049
201428005732011
201428010740065
201428017113023
201318010851017
201118010015021
201118001707001
201228001707002
201218010515040
201418002822031
201428013229062
201318012115030
201428014422015
201418002808019
201218015837004
201228003908008
201118003808027
201228010715027
2014E8013261161
201418014422036
201118010015033
201428001027036
201318013524006
201118016815033
201418014422025
201418001027056
201218004333046
201418017110006
200918010015217
201418010715024
201428014422024
201428012342133
201428001027049
201318012415024
201218007326028
201418014326030
201428012342037
201428012342154
201418012342025
201218010015181
201428014422072
201118017322030
201418008801005
201428014422031
201428010715016
201428017110019
201218006010015
201418010715012
201428013229074
201228014422006
201428013229013
201428008313004
201418013229082
201228007513006
2012E8016861181
201418012342030
201218004008015
201418008743063
201428005710007
201018010015072
201428008006012
201418000531003
201118007610036
201118013229045
201428008314013
201428008515004
201418013229046
201218010615018
201218012638028
201418014422054
201218012342001
201128016514034
201418010751034
201218003008019
201428014324046
201228010315030
201228003208083
201418001027040
201218003708044
201428008551017
201228004237044
201018012115046
201218010015100
201118000718030
201228015029012
201428012250019
201428012342027
201328011215028
201118013524025
201428013229125
201218012815007
201318013626072
201228002109012
201328014628057
201418014422023
201128012715029
201218006010040
201418013229050
201418012342008
201218003508069
201018010015121
2012E8003061075
201228003922034
201428012251016
201328000243110
201418008208009
201218010015138
2014E8015061086
201428012342131
201418008332020
201428015029064
201228016807054
201418001027064
201428010715009
201418013229042
201218000936063
201418005713005
201218002509033
201228013727062
201218013826018
201428001027023
201428012342043
201428008208007
201418012215014
201428002209010
201418014422028
201428013229070
201118014326037
201318014628037
201118012115016
201418017110008
201218010315060
2014E8013261158
201228012503022
201418012342064
201418014422026
201428013229012
201118004022035
201428012342022
2012E8017361060
2014E8013261166
201218014422012
201428014422067
201218003208117
201118011015015
2012E8001461090
201428014324043
201428012342117
201428008208001
201428008313005
201418008222012
2014E8014422095
2014E8001061062
201228016029029
201428008904010
201218012938009
201418013229019
201418015059037
201228006514032
201418014326049
201218011042029
201418008006005
201128015329014
201218004508007
201128013907002
201128014728029
2011E8006561053
201418015059034
201228010840023
201428008817030
201228005811009
201218013607013
201418001027034
201218006514010
201128012715030
201418012342045
201418013229060
201228016510001
201418014326022
201418012342034
201418014422045
201418010715011
201318013727021
201218010315027
201428012342002
201228010315051
201428013229034
201218000531007
201228014719006
201318003208054
201428013229140
201418013229031
201418008743055
201428012342010
201228006010020
201418008313011
201418016443014
201428004133024
201428017111021
201418008311008
201428008208006
201228012669007
201228014728022
201218010015052
201118014422028
201318010615017
201418013229062
201418014422024
201428015059075
2011E8004061076
201318010415006
201128015329011
201318000807077
201318013727025
201418001007025
201218016807055
201318003208017
201418015029025
201318000718014
201218006215011
201418014326041
201118002006005
201428018743021
2014E8013261171
201428012342115
201418011215012
201228013229026
201418001007022
201318016514001
201418010715014
201428010751042
201218003308009
201018010015047
201418010751033
2011E8002861042
201428014422013
2014E8010761059
2014E8002861034
201328006514032
201218014728040
201228003508045
2011E8000561036
201428014326025
201318005811008
201118002007018
201318016514034
201118003808019
201428013229035
201428013229136
201418016443013
201428012342146
201218000936065
201428012342007
201418012342071
201418008515010
201218004237012
201118012342034
201228011969069
201228003808051
2014E8017661022
201418013229016
201228003608005
201218015814016
201218000807056
201018011315023
2014E8001061074
201428008846048
201428008208020
201128003908019
201428008515013
201418001027047
201418008006003
201428012342012
201118003808025
201418008311003
201318015926021
201418013229084
201218013826038
201428008805028
201428008314012
201428015059076
201428008208012
201428016443010
201418012342048
2012E8006861074
201118010015029
2014E8008561020
201428015059067
201018014422040
201418009222007
201328003808063
201428012215007
201428012342132
201228013626035
201328003808007
201228013827074
201428008846037
201428013229004
201318004508007
2014E8009361015
201428014422029
201428013229038
201418010715005
201418012342036
201118003922045
2014E8013261153
201218003922053
201318002509032
201318003733123
201128006812046
201218001027036
201428008208016
201228012615003
201118003808052
201218013826002
201318012638028
2014E8014422089
201218015926018
201218003808038
201118015029030
201418008006006
201118003833139
2012E8011961090
2011E8016861196
201428014326066
201218012637015
201428005732019
201118011915023
2011E8017261040
201418002829039
201428008849014
201128010237045
2012E8002061044
2014E8009361016
201318003508041
201328012342231
201418015029023
201418008332022
201428001007016
201128014422003
201428017110004
201418001027044
201428012342029
201228010315052
201018011915044
201418013229013
201228016215001
201428008753007
201428008805025
201228002509025
201428008753006
201218014326019
201428014326019
201118006514008
201218006237031
201418005732012
2013E8016861187
201428008743241
201118003833128
201428002209004
2014E8002261028
201428010715023
201228010715003
201118006137025
201128012715034
2012E8017261025
2012E8014961026
201418013229037
201218003708058
201218001027042
201428014326061
201128001715029
201418001007016
201118003633026
201118012215008
201418001027055
201218000206024
201018010015128
201418001027059
201418001027037
201418010015259
201118012115070
201228013524027
201428010751037
2012E8004561057
201428013229133
201418008208006
201118015121026
201428014324042
201428005732012
201418008743044
201428013229007
201228017729021
201428008753003
201418008817012
2014E8002861032
201418013229011
201228015029059
201218012115008
201318014020042
201328006912033
201428001027047
201318005811022
201418015029027
201418002209007
201228003508097
201118007514086
201228006812028
201418013229021
201318014422067
201218010815010
201428013229100
201428008006019
201218000807070
201428008208014
201118016822117
201328001027030
201118014227043
2014E8010761054
2014E8010761052
201428012342003
201428008208009
2014E8013261170
201418001027051
201218014422010
201128012915002
201418017110005
201228015547028
201318013726032
201228012503015
201128010415013
201218003208139
201218002808003
201118016215002
201128010515021
201428010715012
201228006812043
201118013329003
201218003022041
201418013229074
201418002808017
201128013827061
2014E8013261182
201218010315085
201428009328008
200818010015049
201118010015034
201418009222010
201218001407010
201428010015270
201428014307003
201428014324044
201418008208001
201428008006009
201428014422016
201128010642030
201228010315046
2012E8016561070
2014E8014422094
201218015547009
201428008006018
201428013229082
201228005811008
201218012342031
2014E8001061060
201428012342148
201418014422093
201418013229065
2012E8011361054
201018010015194
201418001027042
201328003633024
2014E8010761055
201128007631051
201418014422087
201228012115022
201428016443014
2014E8001061076
201418010715020
201428012342121
201218014924010
201428008515012
201428014422066
201118010015230
201228016444017
201428008743233
201418014422048
201418008208008
201018010015200
201118016807091
201328013626063
201128014933018
201418010015060
201318017422025
201228011215029
201428014422054
201228013229028
201228003908003
201228007326030
201228002808003
201428005710002
201428008904009
201228003808010
201418001007018
201428017110018
201428008801007
201428012215004
201318000718027
201418005732016
201428017110008
2011E8016861182
201228014628063
201428008801002
201418014422090
201418014422085
201118010315062
201418012342003
201428016444024
201218013626090
201218017110009
2014E8012363161
201018014207014
201428008805029
201118007610038
201428008904008
200918010015118
201218011915049
201418008208005
2014E8012363162
201318006812006
201128016821112
201318006137022
2014E8013261163
2014E8005761022
201018013229046
201428010015106
201428017615010
201218001707004
201418002808008
201118010015104
201118010215034
200918005732010
2012E8000861105
201418014422076
2011E8015161053
2011E8013861104
2014E8002861036
201218011915019
201428015029034
201118006210001
201118015029052
201118014326035
201418001007019
2012E8017461026
201418008006009
201428014422079
201418010715017
201428013229030
201418012815001
201428014326067
201318003508051
2014E8010761048
201428014326064
201318014020038
201118015029035
2014E8001061070
201228004522053
201318005811003
201418007513014
201428017110026
201428010715002
201218006210008
2012E8013761089
201118001408023
201428001007004
201418008743028
201218001207002
201418013229039
2012E8000561024
201428010751039
201428013229091
201228012715028
201428008805024
201428013229014
2014E8013261169
201418013229089
201128010015046
201428010751038
2011E8002661010
200918014719020
201418013229030
201118007514060
201218006812042
201428002822041
200818010015068
201218003208110
201318003708035
201218010715005
201428012342066
2014E8014422087
201128012940013
201428008515001
201018003808059
201428008753002
201418010715015
2012E8004561064
201418014422091
201418010751032
201428012342056
201418013229093
2014E8001061085
201428014422044
201428014422025
2011E8010761061
201218003208147
201428013229071
201228015029066
201418009222009
201428002209022
201428014422048
201218007534100
201118010210004
201418013229071
201428008208019
201218007611042
201428002209018
201428014422039
2014D8013261103
201418014422088
2014E8001061081
201118013229076
201418013229069
2014E8013261164
201428002209019
201428012215008
201418012342007
201118014020032
201428014422081
201118014326043
201128012715017
201428015029031
2014E8013261145
201218013626069
201428015029040
201428002808010
201428008846040
201218000807063
201318002421010
201428002808007
201128014728036
201428008314015
201218006015113
201428014422059
201418009222005
201318003708045
201128003308008
201118006010025
2012E8012461045
201428014332085
201428013229114
201428001027025
201428014422055
201218003708025
201428008006014
201218012415009
201228000807089
201218007410006
2014E8002261030
201428012250025
201218010715012
201428013229077
201018010515056
201418008314017
201428013229135
201128010015002
201328012342261
201428014422005
201428012342004
201428017111020
201428015059066
201418014422089
201428013229079
201428008314017
201418013229088
201428014326055
201118004022041
2014E8013261174
201218001207004
201428013229108
2014E8002261026
201428008801001
201228004022035
201118014825034
201418010751027
2014E8009361013
201428014422004
201418014422042
201228013907015
2012E8010061292
201428015029019
201218006812029
201418010715003
201118003708082
201428002826022
201418012342035
201118004522039
201428014422052
201318013826044
201428008744023
201228006010008
201418014326059
201228017922005
201418014422043
201428013229046
201428010715015
201418001027054
201418015029020
201428014326027
201228015127040
201218014022065
201228013229012
2014E8001061064
201428012342108
201118011042029
201428010751035
201428008208013
201428008208015
201118014422013
2014E8001061079
201318000206023
201228007410014
201218014825010
201428008743237
201428014326026
201428014422056
200918014728030
201228013229091
201218006912014
2014E8010761051
201418014422061
201218013826020
201418010015019
201418012342057
201428013229115
201428016444020
201128001407004
201128014719018
201418010715021
201318006010025
201428008801010
201428008006003
2014E8008561022
201418013229047
201218002409010
2014E8015061082
2014E8009361010
201128006812036
201428018743020
201428014327081
201118003708014
201428001007008
201418008233013
201418005710001
201428013229024
201318000807012
201428013229054
201218003608007
2012E8014061074
201218003008012
201118010015024
2014E8015061091
201218001007017
2012E8012461042
201118004022033
201328003708089
2012E8004561058
2014E8005761024
201418014422056
201418008006001
201318002209010
201428014326062
201228017708002
201218014924011
201218015029023
2011E8015161054
201218013229026
201428002209015
201418002209021
201428008313003
201228013329018
201428002826023
201428005732010
201128012815007
201428014326028
2012E8016061037
201118006010051
2012E8001061066
201428001027046
201418005710004
201428001027031
201318015926012
2014E8009361012
201418012215013
201218006010073
201018010015155
201418012215015
201118004133034
200918010015052
201428001007015
201428005732018
201118001408022
201118012415006
201228014719001
201428012342038
2012E8017661006
201418013229051
201428014422064
201128014020050
201418002209006
201428012250018
201428015029012
201128006912001
201018010515064
201428017110007
201218003708043
201428012342141
2012E8004361045
201328002209014
201218013229025
201328007010013
201018010015106
201428010751036
201218003008021
201318010515007
201318011315002
201418001027035
2014E8008361025
201428016443009
201128004508019
201118006210008
201218006310003
201228001427047
2014E8014422086
201418013229041
201218000807055
201218002421012
201418002209015
201128011042038
201428010715008
201428014422057
201428015029027
201218016807001
201418014422051
201018003833089
201128010642029
201428015029010
2011E8013961169
2014E8002861029
200918013229042
201418013229038
201428013229110
201218001007018
201418012342073
201418013229079
201318010615003
201428001027041
201218000907048
201328002421009
201218000206070
201428014326013
201428013229118
201428012215010
201218010015099
201418014326044
201218012342030
2014E8012361156
201418017110010
201128016510001
201428008849016
201228012940023
201218010715004
201428012342019
201228010515047
200918010015138
2011E8010061237
201018007611041
201428013229003
201428014326058
2014E8015061087
201428002808011
201428012342013
201418017114019
201428008551016
201418014422096
201228003708006
201218016514032
201428008743016
201428012215001
201428013229066
201428013229069
201228002822013
201418012342029
201118006310012
201228002209020
201118011315013
201218016822111
2012E8004061106
2012E8011061039
201128016537062
201018013229077
201318010515054
201118003708123
201428014422045
201018010015116
201218010015149
201228015615007
2012E8004061074
2014E8013261147
2012E8000961086
2014E8015061081
201128010015187
201228007631048
201218007610006
201128014326026
2014E8009261015
201428008904002
201428008313009
2014E8010061359
2012E8003561116
201228015127030
201428009327001
201428008753010
201118010215036
201118003708059
201428012342006
201418016443006
201118010642049
201118006110029
201228012815032
2014E8009261010
201218014220014
201428013229006
201428010015144
201218012342073
201428013229088
201428005732017
201428008515015
201418012215002
201218003208152
201228011215002
201118000807055
201118004322021
201418008208007
201428015059073
2011E8001861014
201428008006010
201218003208056
2014E8002861031
201228017220002
201418013229020
201428008846041
201228002309015
201318000718002
201418013229033
201128010615010
201428008515002
201428013229099
201428013229098
201218014022062
201228014320039
201218015121026
201018003808073
201428009329009
201428008846044
201418015059039
201428013229018
201318006812028
201228013727067
201418008515004
201018003808046
201318006812010
201428005710004
201128013907022
201418012342042
201118014020050
201228013229080
2014E8010761050
201418014422020
201418017110013
201428013229043
201428015029047
201428015029028
201428014326021
2014E8013261186
201428014327078
201428010715003
2014E8001061072
201418014422065
2012E8015061082
201418008006008
201118003708087
201418014422033
201428013229039
201428002209020
201228010210001
201428014422036
201428005710003
201418012342022
201418012342009
201118004237079
201418010751036
201418012215006
201118013229100
201418013229094
201418014422035
201428014422068
201418013229048
201128013827053
201228015129046
2012E8014661093
201328013622022
201118007514044
201428014326018
201428014327080
201428015029056
201428012342039
201428014326011
201418014422040
201218014422064
201428015029017
201228006969041
2014E8015061084
201318007514083
201428014326060
201118002822016
201128010515033
201428010015308
2011E8014261077
201318003007015
201228007410015
201228013229006
201228010715016
201428013229083
201418014326048
201428013229120
201218003708028
201118015127039
201218003808061
201428010751033
201428014422077
201228006812012
2014E8013261146
201428008817033
201118010015102
201428012215009
201128003922032
201428001027019
201318016251015
201228007610027
201118017728011
201328005314007
201418013229091
201428008743236
2012E8018161032
201418003508040
201428015029020
201428014422035
201228002842041
201318003508044
201018003708087
201428008314011
201218010615003
201118007514046
201418014422046
2014E8014422102
201328013826090
201418012342077
201218012415001
201218010642049
201428008313010
201118014422039
201418015029009
201118014020054
201218010715003
201118006812055
201418008801007
201128010015100
201218012342028
201218003708012
201228004215011
201418002209014
201418013229100
201318014422028
201118010815011
201428008515006
201418010715042
201428016443005
201318014326040
201318006812058
201418001027057
201428012215011
201428012251012
201118001707003
201428013229113
201318003808049
201428015029044
201228013524011
201218010315025
201128016825148
201428013229019
201318005811047
201228007615046
201228007631054
201428001027037
200918010015045
201218016029003
201428014307004
201418013229012
201018010015043
201128014924005
201428002209003
201428008846046
201418013229092
201328006037072
201228003733096
201218016807010
201428008006016
201018003808023
201218000807074
201228013229141
201218014022010
201418014326028
201428017110013
201218003508061
201428001007001
2014E8001061073
201428002829026
201218002006002
201418013229066
201118014422031
2012E8000861099
201128011315040
201428012342026
201418002826034
201428012342035
201428015029023
201218002309001
201418001027066
2014E8010761046
201218010015117
201228000243086
201218016514051
201418012342066
201418012215008
201118014422036
201418014422082
201418009327004
201428015029002
201318013524003
201418013229040
201218000807127
201418010751035
201318004608003
201228010240064
201418013229068
201428013229029
201428014326012
201218011015010
2013E8010661047
201428012342001
201118014007020
201418012342041
201228011015025
201228007335064
201428014327077
201428013229052
201418014326033
201428013229137
2012E8007361077
201218013626074
201428014422061
201418008801009
2011E8004061075
201318003808030
201218014007018
201428001007010
201428016444018
201128007615047
201218011915026
201118003608010
201428013229057
201418014422067
201428005732015
201128010015079
201428013229139
201428014320036
201118010715026
2012E8014761056
201418013229054
201428014422058
2014E8009261008
2014E8012363159
201428010715021
201428008208005
201218000907004
201428010715011
201118016537068
2014E8013261176
201118013920103
2014E8013261144
201418014022072
201428014327076
201218015120015
201418001027046
201118004215035
201418014422074
2014E8014422090
201018014227038
201428008743018
201118010015137
201118002007012
201428014422071
201418013229027
201118010715003
201428012342125
201228004022006
201118013919056
2012E8004061091
2014E8009361017
201428001027042
201428008744022
2014E8013261157
201418014422050
201418012342053
2014E8008261033
201428014326050
201118010415019
201218011915021
201328005710006
201228003508053
201418001007013
201118011315032
201418016443007
201218014220015
201128003608018
201418006812032
201418015029008
201418014422079
201428016443003
201018002109002
201118010015060
201218000206082
201418010715010
201418013229076
2014E8014422083
201218000206014
201428015029063
201428008743017
201428014320031
201418013229025
201418001027052
201118010015074
201418014326035
201318003222189
201228014825015
2012E8003761108
201318001809003
201218003208111
201428014422038
201428012342033
201128014326046
201018015329003
201128001436062
2014E8014422093
201218001707041
201428016444022
201228010515072
201218000907026
2012E8015161060
201428012342120
201218016822118
201428015029009
201118003833132
201418002209011
201428013229124
201418013607021
201118003708125
201418009443013
201418008208004
201318004237007
201018003808071
201428012342084
201418014422083
201428015029059
201418013229077
201418002209003
201418015029022
201428008904006
201218012637016
201118003708110
201428013229092
2014E8001061065
201228004515037
201418013259101
201418014326034
2014E8015061088
201418015029030
201218001436037
201418012342040
201418014326042
201318016811112
201428016443012
201428008208017
201418008743039
2012E8001761044
201218017515007
201428015029018
201418013229098
201428001027022
201218011915032
201128003908028
201228013726038
201218013622033
2014E8008261024
201418013229044
201418002209009
201428013229023
201318014728024
2014E8014422098
201128013826073
201418012342052
2014E8001061082
201218005710016
201228015029006
201118013826043
201428010015200
201228016215013
201418013229053
201428013229031
201428015029041
201128005732013
201418008006010
201218002309007
201418014422069
201228011215052
201418016443004
201128003708060
201228015329013
201428001027024
201118014825017
201428012251017
201428008006007
201428013229126
201418017114022
201218015029017
201228004237023
201318000206019
201418009222011
201418017114017
2014E8010761049
201228018629003
201428010740064
201428014327079
2014E8013261160
201318003222195
201428001027020
201418009222008
2014E8005761023
201418014422099
2012E8010061283
201428008006008
201418009327002
201418001027031
201418012342019
201428015059078
201218004133053
201418005732013
201128004508004
201218003808043
201418010751025
201328001909001
2012E8001061058
201418014326026
201428013229097
201228005710008
201118016609004
201228012915005
201118016514024
2014E8013261183
201228010215038
201118007513032
201428013229095
201218012715003
201418012342017
201428013229130
201428014422033
201418001027050
201228004237060
201118012342026
201418012342060
201428014326023
201218000206067
201118004237077
201218014220025
201428013229076
201318010015244
201118003208145
201218003908010
201218010415002
201418012342001
2012E8005761026
201128006210004
201428014422047
201428016443007
201128011015055
201428008313007
201428002209016
201418012215010
201218000206078
201128010715045
201018003308010
201428013229102
201128010210011
2014E8013261178
201228012669008
2012E8003061078
201418012342062
201428015029025
201428014422014
201428015029007
201218004522043
201218016811014
201428008904003
201418012342004
201418002209013
2014E8014422084
201118006310001
201418005732017
201418002917005
2014E8014422085
201228002427016
201428013229021
201428014326009
201128004608005
201218002109010
201418014422034
201428001027045
201218000206040
201418012251017
2014E8008261022
201218003508032
2012E8004061098
201418012342046
201418012342063
201328006310005
201218016807052
201428013229027
201218000206025
2011E8011961080
201218010015186
201418013229087
201428014422037
201428008753004
201428013229020
201418015029014
201418008801006
201318010015002
201218000206081
201428014422073
2014E8005761021
201218003808042
201218003808014
201418001027030
2014E8008361023
201218003508036
201228010210014
201218001207009
2012E8002561032
201428008551018
201118007514079
201428002808009
201218002008038
201228014628050
201428008006017
201418017110004
201428013229112
201228005811031
201218014719017
201428013229045
201428010015015
201218012638020
201118013229007
201418016443011
201418015029021
201418001027060
201218013524024
2012E8003261115
201418008743006
201418014422044
201428014422053
201218014628018
201428008515005
201428012342112
201428008801003
201218000907007
201418014422080
201418013229086
201218014422009
201428014422034
201428014422003
2012E8018161026
201228005414009
201428010715025
201118007615062
201428016452001
201418010415003
201418012342054
201428008743239
201418015926011
201428010740063
201428012342054
201428012342063
201428016444016
201428014422028
201218000807130
2014E8008261027
201128014020051
201118016537067
201428002209007
201218000718028
201428008846049
201118016807022
201218016836134
201428002209021
201428012342008
201428015029051
201318003808054
201328010315006
201218007313015
201018012415019
201428008515003
201118010315065
201428017113022
200918010015165
201418002826033
201218010415007
201428014422076
201228016029001
201418012342020
201428013229142
201428002842014
201418009222006
201428005732009
201118004237005
2011E8011961082
201318012115075
201428013229011
201228015029018
201218003808070
200918010015106
2012E8006161023
201318004022039
201128007610032
201118012938012
201428012342005
201428014422040
201418012342014
201118014422043
2014E8013261184
201128002007029
201428008817032
2014E8013261152
201428014326010
201428010715019
201418013229083
2014E8013261154
201218010015009
201418001027045
201428012342126
201428015029055
201118016514014
201318006310002
201428001027048
201418002822027
201118012342066
201318012503017
201428012342143
201118011915037
201118014422042
201128014307001
201418013229073
201218005514008
2013E8006861080
201418008208003
201118006015098
201418014422039
201418001027062
201228010215030
201218011037018
201218016715013
201218012738042
2012E8011961082
201428014326020
201418008743005
201218011915052
201428014327082
2012E8005861055
201418012415033
201218010015156
201218006110005
201428013229134
201428001027043
201318003708036
201328013229076
201128010815015
2014E8013261167
201428013229089
201428008314014
201418017110007
201228006912023
201218018137002
201418012342006
2014E8008261031
2011E8010061258
201428013229044
201418014422081
201428008743012
201228006269021
201228012415019
201228016715007
201428014326014
201418014422057
201128003708051
201228014227051
201218000807022
201418012342023
201428015059071
